[{"id": 1, "img_name": "CAM_FRONT_LEFT", "width": 1653, "height": 959, "position": [411.4449780367985, 1181.2631893914647, 0.0], "rotation": [[-0.3456006895797708, 0.9382316025189897, 0.0167816386755018], [-0.9383334713320822, -0.3453464096120683, -0.016314225263176777], [-0.009511043048534566, -0.021384980773937943, 0.9997260738109348]], "fy": 1272.5979470598488, "fx": 1272.5979470598488}, {"id": 2, "img_name": "CAM_FRONT", "width": 1632, "height": 983, "position": [411.4199861830012, 1181.197175631848, 0.0], "rotation": [[-0.34560828231313545, 0.9382294515026927, 0.016745492812085146], [-0.9383286013339244, -0.3453500147789197, -0.016516755459845916], [-0.009713450225561448, -0.021421102332874597, 0.9997233543633754]], "fy": 1266.417203046554, "fx": 1266.417203046554}, {"id": 3, "img_name": "CAM_FRONT_RIGHT", "width": 1615, "height": 990, "position": [411.3940085709597, 1181.1288333610287, 0.0], "rotation": [[-0.34562878021232013, 0.9382225713446604, 0.016707869653436968], [-0.9383188601983095, -0.3453663861388791, -0.016726503565149563], [-0.009922846622213287, -0.02145847023399458, 0.9997204965239672]], "fy": 1260.8474446004698, "fx": 1260.8474446004698}, {"id": 4, "img_name": "CAM_BACK_LEFT", "width": 1584, "height": 985, "position": [411.3057690287572, 1180.8950018232533, 0.0], "rotation": [[-0.34554466764436803, 0.9382608429879551, 0.01629334766326074], [-0.9383413157281368, -0.34527217463575616, -0.01739829359120484], [-0.01069849803164533, -0.021300608860512053, 0.9997158727368687]], "fy": 1256.7414812095406, "fx": 1256.7414812095406}, {"id": 5, "img_name": "CAM_BACK", "width": 1658, "height": 963, "position": [411.33787291696916, 1180.980332035968, 0.0], "rotation": [[-0.3455931866686392, 0.9382395482037398, 0.0164893758116229], [-0.9383264958679587, -0.3453232239446448, -0.017183077624044734], [-0.01042767857062906, -0.02141077277723821, 0.99971638094447]], "fy": 809.2209905677063, "fx": 809.2209905677063}, {"id": 6, "img_name": "CAM_BACK_RIGHT", "width": 1614, "height": 1002, "position": [411.36921032161575, 1181.0634380795361, 0.0], "rotation": [[-0.3456304161623338, 0.9382229398060398, 0.01665324728584771], [-0.9383158653275538, -0.34536388297789034, -0.016944769371026767], [-0.010146541186788694, -0.02148263382701669, 0.9997177322353539]], "fy": 1259.5137405846733, "fx": 1259.5137405846733}]