[{"id": 1, "file_path": "./images/CAM_FRONT_LEFT", "width": 1653, "height": 959, "transform_matrix": [[0.8207583481515547, -0.5712716007618155, -0.0021194580827183784, -0.9649677814404997], [-0.00034143667149910597, 0.003219501851485958, -0.9999947591006803, 1.508248152524645], [0.5712754303840931, 0.8207547703003994, 0.002447379947610351, -1.2802189782863747], [0.0, 0.0, 0.0, 1.0]], "fy": 1272.5979470598488, "fx": 1272.5979470598488}, {"id": 2, "file_path": "./images/CAM_FRONT", "width": 1632, "height": 983, "transform_matrix": [[0.0056847786827155565, -0.9999835174398973, 0.0008050713376759556, 0.00506031940430183], [-0.005636667733598135, -0.0008371152724919499, -0.9999837634756283, 1.52053324958156], [0.9999679551206575, 0.005680148462035588, -0.005641333641939492, -1.6923034452898125], [0.0, 0.0, 0.0, 1.0]], "fy": 1266.417203046554, "fx": 1266.417203046554}, {"id": 3, "file_path": "./images/CAM_FRONT_RIGHT", "width": 1615, "height": 990, "transform_matrix": [[-0.8329295630238638, -0.5533049273172016, -0.009055409840580866, 1.0322882484993483], [-9.946037679022618e-06, 0.016378815789537468, -0.9998658581501861, 1.5036441748460136], [0.5533790228604178, -0.832817742246068, -0.013647903070082852, -1.2487090596411088], [0.0, 0.0, 0.0, 1.0]], "fy": 1260.8474446004698, "fx": 1260.8474446004698}, {"id": 4, "file_path": "./images/CAM_BACK_LEFT", "width": 1584, "height": 985, "transform_matrix": [[0.9477603556843313, 0.3189611314414907, 0.003755638783715424, -1.1421927539487695], [0.008665721547931141, -0.013976299835876524, -0.9998647750135772, 1.5885556401648642], [-0.3188655099931057, 0.947664740123036, -0.016010211253286197, -0.10370525091347359], [0.0, 0.0, 0.0, 1.0]], "fy": 1256.7414812095406, "fx": 1256.7414812095406}, {"id": 5, "file_path": "./images/CAM_BACK", "width": 1658, "height": 963, "transform_matrix": [[0.0024217098603188597, 0.9999890666843356, -0.004000229136375632, 0.002796848367514583], [-0.016753608478469684, -0.003959107249965921, -0.999851810056237, 1.5793576817534465], [-0.9998567156969554, 0.0024883692600458523, 0.01674383749691433, 0.0018731322339553779], [0.0, 0.0, 0.0, 1.0]], "fy": 809.2209905677063, "fx": 809.2209905677063}, {"id": 6, "file_path": "./images/CAM_BACK_RIGHT", "width": 1614, "height": 1002, "transform_matrix": [[-0.9347755391782979, 0.35507455927419185, -0.010805031705694863, 1.136202503213257], [0.01587583795544985, 0.011370495332616123, -0.9998093166224765, 1.5514497868966028], [-0.3548839938953784, -0.9347688319537241, -0.016265967070410284, -0.06364232744397763], [0.0, 0.0, 0.0, 1.0]], "fy": 1259.5137405846733, "fx": 1259.5137405846733}]