[{"id": 1, "file_path": "./images/CAM_FRONT_LEFT", "width": 1653, "height": 959, "transform_matrix": [[0.8207583481515547, -0.5712716007618154, -0.002119458082718403, -0.9649677814404997], [-0.00034143667149910575, 0.003219501851485958, -0.9999947591006803, 1.5082481525246447], [0.571275430384093, 0.8207547703003994, 0.0024473799476104003, -1.2802189782863744], [0.0, 0.0, 0.0, 1.0]], "fy": 1272.5979470598488, "fx": 1272.5979470598488}, {"id": 2, "file_path": "./images/CAM_FRONT", "width": 1632, "height": 983, "transform_matrix": [[0.005684778682715577, -0.9999835174398974, 0.000805071337676011, 0.00506031940430171], [-0.005636667733598128, -0.0008371152724919502, -0.9999837634756282, 1.5205332495815598], [0.9999679551206573, 0.005680148462035625, -0.005641333641939504, -1.6923034452898122], [0.0, 0.0, 0.0, 1.0]], "fy": 1266.417203046554, "fx": 1266.417203046554}, {"id": 3, "file_path": "./images/CAM_FRONT_RIGHT", "width": 1615, "height": 990, "transform_matrix": [[-0.8329295630238638, -0.5533049273172016, -0.009055409840580906, 1.0322882484993483], [-9.946037679022148e-06, 0.016378815789537465, -0.9998658581501861, 1.5036441748460136], [0.5533790228604178, -0.832817742246068, -0.01364790307008289, -1.248709059641109], [0.0, 0.0, 0.0, 1.0]], "fy": 1260.8474446004698, "fx": 1260.8474446004698}, {"id": 4, "file_path": "./images/CAM_BACK_LEFT", "width": 1584, "height": 985, "transform_matrix": [[0.9477603556843315, 0.3189611314414908, 0.0037556387837154297, -1.14219275394877], [0.008665721547931143, -0.013976299835876527, -0.9998647750135773, 1.5885556401648642], [-0.31886550999310576, 0.9476647401230363, -0.0160102112532862, -0.10370525091347366], [0.0, 0.0, 0.0, 1.0]], "fy": 1256.7414812095406, "fx": 1256.7414812095406}, {"id": 5, "file_path": "./images/CAM_BACK", "width": 1658, "height": 963, "transform_matrix": [[0.0024217098603188706, 0.9999890666843355, -0.004000229136375604, 0.0027968483675145394], [-0.016753608478469666, -0.003959107249965893, -0.999851810056237, 1.5793576817534467], [-0.9998567156969554, 0.002488369260045857, 0.016743837496914316, 0.0018731322339554006], [0.0, 0.0, 0.0, 1.0]], "fy": 809.2209905677063, "fx": 809.2209905677063}, {"id": 6, "file_path": "./images/CAM_BACK_RIGHT", "width": 1614, "height": 1002, "transform_matrix": [[-0.9347755391782979, 0.35507455927419185, -0.010805031705694836, 1.136202503213257], [0.01587583795544983, 0.01137049533261607, -0.9998093166224765, 1.5514497868966026], [-0.35488399389537845, -0.9347688319537241, -0.016265967070410337, -0.06364232744397755], [0.0, 0.0, 0.0, 1.0]], "fy": 1259.5137405846733, "fx": 1259.5137405846733}]